x<-1+1

x<-2+2

b<-10

add<- x+b

add