x<-1+1

x<-2+2

b<-10

add<- x+b

add

<<<<<<< HEAD
c<- 15

=======
c<- 14
>>>>>>> b2119726d3cf78ad5839cffd69c4da4c73492fb0
