x<-1+1

x<-2+2

b<-10

add<- x+b

add

c<- 15


c<- 14


c<- 13
"dfcsdcs"

